//Exported ASCII-File
[Header]
FileName = C:\Users\reoml\Desktop\Mestrado\mapa raman\Mapa Raman_GO e rGO.WIP
ImageName = Scan_000_Spec.Data 1_F: Min & Max -> Maximum [1225.9 rel. 1/cm -> 1477.2 rel. 1/cm]
PointsPerLine = 61
LinesPerImage = 61
ScanUnit = µm
ScanWidth = 30
ScanHeight = 30
ScanOriginX = -18.2950000762939
ScanOriginY = -4.44199991226196
ScanOriginZ = 0
DataUnit = CCD cts
[Data]
 3.71663E+00	 2.79832E+00	 3.14119E+00	 4.21565E+00	 2.44200E+00	 6.05581E+00	 4.25689E+00	 2.91048E+00	 4.99708E+00	 5.69363E+00	 3.17026E+00	 2.55316E+00	 2.97587E+00	 3.50000E+00	 2.95524E+00	 2.08621E+00	 3.82607E+00	 3.07105E+00	 2.64062E+00	 2.63810E+00	 2.99035E+00	 3.80653E+00	 3.22828E+00	 3.56612E+00	 3.18238E+00	 2.42318E+00	 3.61162E+00	 4.70872E+00	 3.66313E+00	 3.42536E+00	 3.74801E+00	 5.01449E+00	 2.50000E+00	 2.79862E+00	 2.50990E+00	 2.31951E+00	 2.74276E+00	 5.07588E+00	 2.70308E+00	 3.30071E+00	 4.15576E+00	 2.61180E+00	 3.92271E+00	 7.59653E+00	 1.08647E+01	 1.26499E+01	 5.50583E+00	 2.69929E+00	 1.95283E+00	 2.65336E+00	 3.64136E+00	 4.58156E+00	 3.71858E+00	 3.22245E+00	 2.87261E+00	 3.10848E+00	 3.25000E+00	 3.63791E+00	 4.09992E+00	 3.93552E+00	 5.61911E+00
 3.21273E+00	 4.19684E+00	 3.22017E+00	 2.48506E+00	 2.34263E+00	 3.29346E+00	 3.47842E+00	 4.32105E+00	 1.65602E+01	 1.61501E+01	 3.96374E+00	 1.59103E+00	 3.06762E+00	 3.32739E+00	 2.22265E+00	 3.51449E+00	 2.98310E+00	 3.28385E+00	 3.71135E+00	 2.75000E+00	 2.71380E+00	 4.19932E+00	 3.08847E+00	 2.73793E+00	 4.11601E+00	 3.24502E+00	 2.48069E+00	 3.41060E+00	 2.25000E+00	 3.20172E+00	 3.25000E+00	 2.00000E+00	 4.72179E+00	 3.37571E+00	 2.24034E+00	 3.48069E+00	 3.52172E+00	 2.91048E+00	 2.34334E+00	 3.49276E+00	 3.82104E+00	 4.25000E+00	 2.96769E+00	 3.96858E+00	 3.03385E+00	 3.93965E+00	 4.38089E+00	 2.25000E+00	 4.04832E+00	 3.00000E+00	 3.72104E+00	 3.41299E+00	 2.78621E+00	 2.71026E+00	 3.04597E+00	 3.52897E+00	 3.37103E+00	 5.07179E+00	 5.14342E+00	 6.84263E+00	 1.54841E+01
 2.67417E+00	 3.36072E+00	 2.42772E+00	 2.66556E+00	 2.14575E+00	 5.78234E+00	 1.49000E+01	 2.06022E+01	 2.63482E+01	 1.67332E+01	 6.62119E+00	 2.75382E+00	 3.57974E+00	 5.63873E+00	 5.16825E+00	 1.99034E+00	 2.23069E+00	 3.03385E+00	 2.60154E+00	 3.15792E+00	 3.68305E+00	 2.48507E+00	 2.24311E+00	 3.47934E+00	 2.62568E+00	 2.81769E+00	 3.50498E+00	 2.51932E+00	 3.44929E+00	 2.48310E+00	 4.75000E+00	 2.52486E+00	 2.94675E+00	 2.82254E+00	 2.98181E+00	 3.79832E+00	 3.46858E+00	 3.37599E+00	 2.80141E+00	 2.72586E+00	 3.46268E+00	 2.59427E+00	 3.29832E+00	 2.74404E+00	 4.23310E+00	 2.97826E+00	 3.21521E+00	 3.81957E+00	 2.64119E+00	 3.00000E+00	 3.83077E+00	 2.70524E+00	 3.02897E+00	 3.25000E+00	 2.07248E+00	 1.95172E+00	 3.15068E+00	 3.12077E+00	 2.48507E+00	 2.94498E+00	 2.92401E+00
 2.88409E+00	 3.19200E+00	 2.03869E+00	 2.59103E+00	 2.75000E+00	 5.76458E+00	 1.50320E+01	 2.15183E+01	 2.44242E+01	 1.57969E+01	 4.93135E+00	 2.47100E+00	 2.64558E+00	 6.88521E+00	 7.76564E+00	 3.19200E+00	 1.62569E+00	 2.57729E+00	 2.21780E+00	 2.87657E+00	 1.18354E+01	 1.37204E+01	 6.91876E+00	 1.03220E+01	 1.04367E+01	 3.64558E+00	 3.25000E+00	 1.74005E+00	 3.12103E+00	 3.50000E+00	 4.01932E+00	 2.75000E+00	 2.75000E+00	 2.40593E+00	 2.06762E+00	 2.95036E+00	 2.50000E+00	 2.61911E+00	 2.73996E+00	 2.63378E+00	 3.15712E+00	 2.77693E+00	 3.49276E+00	 3.15759E+00	 2.60778E+00	 3.25000E+00	 2.73069E+00	 2.98793E+00	 3.02414E+00	 3.00000E+00	 3.98069E+00	 2.50966E+00	 2.48245E+00	 2.14501E+00	 2.79832E+00	 2.51736E+00	 2.64553E+00	 2.89551E+00	 3.15246E+00	 2.46021E+00	 3.00000E+00
 3.00000E+00	 3.50000E+00	 2.06769E+00	 2.20885E+00	 3.46017E+00	 3.10778E+00	 7.30202E+00	 7.12385E+00	 3.55428E+00	 2.71021E+00	 2.99207E+00	 3.72013E+00	 3.25000E+00	 3.21135E+00	 2.93726E+00	 2.44026E+00	 2.42036E+00	 3.05800E+00	 3.47104E+00	 1.04539E+01	 3.12967E+01	 3.00437E+01	 8.15608E+00	 5.56870E+00	 6.80881E+00	 2.22828E+00	 3.73552E+00	 2.24034E+00	 1.67547E+00	 2.61327E+00	 3.20257E+00	 2.88538E+00	 3.03385E+00	 3.21373E+00	 2.52136E+00	 9.26013E+00	 9.91019E+00	 4.53818E+00	 2.29151E+00	 2.82104E+00	 2.24253E+00	 2.75000E+00	 2.40246E+00	 4.05616E+00	 2.53231E+00	 3.21131E+00	 2.00000E+00	 1.94035E+00	 3.16052E+00	 2.45023E+00	 2.23010E+00	 3.06285E+00	 2.20652E+00	 2.63406E+00	 3.92271E+00	 1.74035E+00	 2.75000E+00	 3.22760E+00	 3.53621E+00	 2.85687E+00	 3.17746E+00
 2.18231E+00	 3.20524E+00	 3.00000E+00	 2.42541E+00	 2.98793E+00	 4.31327E+00	 9.43982E+00	 4.49853E+00	 2.81285E+00	 2.25000E+00	 2.71769E+00	 2.57879E+00	 3.23068E+00	 2.75000E+00	 4.22760E+00	 2.46863E+00	 1.98939E+00	 2.73069E+00	 3.25000E+00	 5.44271E+00	 1.04940E+01	 6.95435E+00	 2.36183E+00	 2.62598E+00	 3.56661E+00	 2.69200E+00	 3.16796E+00	 3.07974E+00	 2.48793E+00	 3.00000E+00	 3.25000E+00	 3.45035E+00	 3.25000E+00	 3.96615E+00	 3.25000E+00	 2.56473E+00	 3.20403E+00	 2.75000E+00	 3.87373E+00	 2.92759E+00	 2.79174E+00	 3.45778E+00	 3.73310E+00	 2.76690E+00	 2.75000E+00	 3.49035E+00	 3.05141E+00	 2.53865E+00	 3.03381E+00	 2.20522E+00	 2.27174E+00	 3.05729E+00	 3.20888E+00	 4.51931E+00	 2.67547E+00	 2.75000E+00	 3.69705E+00	 3.11389E+00	 2.83649E+00	 2.55460E+00	 4.16291E+00
 4.56396E+00	 3.47828E+00	 2.50000E+00	 2.75000E+00	 2.36588E+00	 3.13357E+00	 5.02647E+00	 2.88229E+00	 3.25000E+00	 2.87063E+00	 3.27897E+00	 4.04151E+00	 3.21858E+00	 1.50000E+00	 2.25000E+00	 3.15759E+00	 3.70172E+00	 3.83701E+00	 3.43231E+00	 3.25000E+00	 3.19684E+00	 3.14364E+00	 3.13538E+00	 2.90289E+00	 3.00000E+00	 3.57254E+00	 2.99311E+00	 3.05653E+00	 3.72103E+00	 3.23068E+00	 2.90477E+00	 2.27897E+00	 3.25000E+00	 3.91052E+00	 2.52983E+00	 1.90897E+00	 2.18604E+00	 2.54670E+00	 3.00000E+00	 3.67746E+00	 3.13627E+00	 2.77416E+00	 3.03906E+00	 2.96042E+00	 2.06131E+00	 1.25000E+00	 3.21042E+00	 3.82046E+00	 3.73551E+00	 3.50783E+00	 3.48069E+00	 2.10622E+00	 2.88063E+00	 3.20559E+00	 2.30793E+00	 3.70283E+00	 1.95283E+00	 2.78627E+00	 3.03142E+00	 2.13399E+00	 2.97103E+00
 5.51154E+00	 5.09553E+00	 2.67466E+00	 3.44907E+00	 4.00000E+00	 4.65070E+00	 3.13382E+00	 3.43478E+00	 4.30918E+00	 2.46273E+00	 1.98551E+00	 3.50000E+00	 3.46026E+00	 4.01413E+00	 2.49004E+00	 3.18135E+00	 2.68829E+00	 3.66003E+00	 3.16679E+00	 4.50000E+00	 2.89368E+00	 3.40101E+00	 2.99502E+00	 1.76213E+00	 2.31558E+00	 2.90637E+00	 4.35513E+00	 2.95283E+00	 2.50000E+00	 1.65321E+00	 1.92746E+00	 2.95803E+00	 2.39575E+00	 5.31558E+00	 4.43930E+00	 3.72586E+00	 2.42051E+00	 3.47826E+00	 3.21858E+00	 2.70652E+00	 3.50000E+00	 2.42051E+00	 3.69208E+00	 3.50000E+00	 3.27416E+00	 3.44046E+00	 4.75000E+00	 3.16888E+00	 2.08256E+00	 3.00000E+00	 3.25000E+00	 2.78124E+00	 3.15712E+00	 4.05316E+00	 4.68692E+00	 3.65565E+00	 2.75966E+00	 3.41044E+00	 2.88290E+00	 3.47702E+00	 3.00000E+00
 3.09363E+00	 4.19788E+00	 4.03433E+00	 4.46567E+00	 2.45652E+00	 3.55800E+00	 5.50000E+00	 4.27545E+00	 4.48008E+00	 3.37646E+00	 5.44566E+00	 3.01179E+00	 2.38873E+00	 2.55271E+00	 2.50000E+00	 3.72584E+00	 2.48551E+00	 3.48756E+00	 3.07453E+00	 2.39129E+00	 4.27900E+00	 3.18799E+00	 3.75000E+00	 3.34679E+00	 2.82248E+00	 2.85848E+00	 2.95646E+00	 3.09653E+00	 2.69046E+00	 5.92748E+00	 5.76540E+00	 3.61911E+00	 7.93526E+00	 2.19507E+01	 1.72908E+01	 5.33079E+00	 4.00264E+00	 3.24005E+00	 2.75000E+00	 2.22586E+00	 2.82459E+00	 2.20211E+00	 2.95021E+00	 5.10580E+00	 9.01655E+00	 3.32121E+00	 2.87598E+00	 2.19540E+00	 4.23068E+00	 3.25000E+00	 2.70403E+00	 2.08509E+00	 9.36730E+00	 2.02512E+01	 1.47262E+01	 4.14062E+00	 3.15046E+00	 2.75000E+00	 2.63810E+00	 2.44540E+00	 2.90347E+00
 1.61601E+00	 3.80655E+00	 2.73068E+00	 3.57729E+00	 3.42564E+00	 5.81473E+00	 1.54742E+01	 2.59895E+01	 1.70705E+01	 4.92535E+00	 2.98068E+00	 3.30694E+00	 1.74517E+00	 3.20646E+00	 2.31187E+00	 2.71273E+00	 3.02174E+00	 2.40447E+00	 2.91556E+00	 2.50000E+00	 1.94614E+00	 2.68965E+00	 3.05800E+00	 4.20646E+00	 3.53381E+00	 4.65949E+00	 5.69566E+00	 4.51564E+00	 3.48009E+00	 5.02663E+00	 1.04896E+01	 6.04425E+00	 5.84709E+00	 1.50778E+01	 8.75583E+00	 3.37453E+00	 5.64564E+00	 3.33022E+00	 2.54832E+00	 3.21042E+00	 4.00000E+00	 2.96615E+00	 2.75000E+00	 3.78381E+00	 3.60090E+00	 2.23414E+00	 1.21379E+00	 3.25000E+00	 3.33077E+00	 2.75000E+00	 2.21615E+00	 3.50000E+00	 3.75000E+00	 7.16908E+00	 7.62178E+00	 4.90145E+00	 2.36610E+00	 3.22991E+00	 3.06396E+00	 5.52398E+00	 8.30090E+00
 2.23551E+00	 2.97587E+00	 3.80141E+00	 2.45257E+00	 3.65308E+00	 1.10733E+01	 2.13337E+01	 2.72689E+01	 1.79423E+01	 6.64924E+00	 2.33175E+00	 1.94363E+00	 2.81285E+00	 1.50000E+00	 2.68539E+00	 2.70652E+00	 2.04112E+00	 2.11591E+00	 3.02416E+00	 4.07599E+00	 2.24276E+00	 2.40327E+00	 2.53236E+00	 3.03627E+00	 7.96464E+00	 2.14895E+01	 2.46979E+01	 1.00175E+01	 3.61176E+00	 2.95035E+00	 3.37891E+00	 2.66226E+00	 3.53385E+00	 2.00000E+00	 3.16052E+00	 3.59427E+00	 3.73507E+00	 3.41299E+00	 2.96131E+00	 3.97643E+00	 4.86666E+00	 3.52897E+00	 4.08649E+00	 3.42298E+00	 2.98201E+00	 3.93726E+00	 2.40839E+00	 1.95283E+00	 3.23259E+00	 3.54692E+00	 4.28385E+00	 3.86136E+00	 3.49034E+00	 3.11608E+00	 3.19859E+00	 3.45168E+00	 3.24502E+00	 3.25000E+00	 3.80800E+00	 1.17029E+01	 1.71674E+01
 3.26690E+00	 2.41291E+00	 2.05093E+00	 2.10778E+00	 2.48552E+00	 3.82436E+00	 5.32196E+00	 7.64861E+00	 3.76736E+00	 2.98623E+00	 1.84427E+00	 2.29348E+00	 4.16303E+00	 2.72828E+00	 2.47586E+00	 2.21373E+00	 4.47102E+00	 2.95172E+00	 2.70172E+00	 2.00000E+00	 2.20652E+00	 2.60442E+00	 3.52900E+00	 3.02174E+00	 4.76668E+00	 1.89801E+01	 2.69536E+01	 1.14577E+01	 3.75000E+00	 4.40535E+00	 5.64855E+00	 6.36606E+00	 6.47108E+00	 5.37109E+00	 4.45172E+00	 3.75000E+00	 3.46042E+00	 2.98008E+00	 2.60687E+00	 2.66304E+00	 3.25000E+00	 2.50000E+00	 2.37996E+00	 2.57607E+00	 1.99034E+00	 2.47103E+00	 3.41291E+00	 2.68478E+00	 3.75000E+00	 2.63136E+00	 2.93715E+00	 2.50000E+00	 3.51690E+00	 2.30655E+00	 1.88399E+00	 2.90881E+00	 2.49035E+00	 2.92261E+00	 2.40573E+00	 8.63125E+00	 1.31993E+01
 1.96082E+00	 2.03137E+00	 3.23793E+00	 2.65246E+00	 2.60405E+00	 6.00586E+00	 8.58908E+00	 4.25315E+00	 3.10087E+00	 2.24502E+00	 2.50000E+00	 3.26743E+00	 2.79316E+00	 2.22586E+00	 2.44200E+00	 2.50000E+00	 3.50000E+00	 3.26449E+00	 2.25195E+00	 2.83593E+00	 3.61327E+00	 1.98996E+00	 2.31187E+00	 2.65593E+00	 3.33593E+00	 3.41019E+00	 3.88789E+00	 2.79346E+00	 2.50000E+00	 3.94566E+00	 1.66121E+01	 2.78518E+01	 3.15430E+01	 2.48807E+01	 1.37704E+01	 4.88229E+00	 1.98756E+00	 3.46858E+00	 2.25000E+00	 3.56367E+00	 2.40839E+00	 2.63586E+00	 2.75000E+00	 3.70654E+00	 1.98009E+00	 1.83112E+00	 2.22103E+00	 2.16888E+00	 2.25000E+00	 2.73257E+00	 4.16299E+00	 2.89913E+00	 3.15737E+00	 3.38399E+00	 1.73068E+00	 2.25000E+00	 1.79914E+00	 2.91052E+00	 3.00000E+00	 3.32105E+00	 8.68982E+00
 2.75966E+00	 2.62568E+00	 2.37568E+00	 1.98069E+00	 2.24517E+00	 2.89558E+00	 2.17752E+00	 2.72103E+00	 1.50000E+00	 2.95308E+00	 3.69705E+00	 2.26931E+00	 2.92298E+00	 2.96131E+00	 3.17746E+00	 3.12793E+00	 1.44031E+00	-1.44807E-02	 2.09051E+00	 2.94684E+00	 3.05811E+00	 2.45646E+00	 2.97584E+00	 2.25000E+00	 2.14455E+00	 2.36591E+00	 1.50000E+00	 2.39068E+00	 3.52486E+00	 4.69798E+00	 2.23551E+00	 3.02158E+00	 3.25000E+00	 2.38229E+00	 2.21135E+00	 2.89846E+00	 2.74517E+00	 3.20781E+00	 1.50000E+00	 3.08156E+00	 3.23068E+00	 2.65712E+00	 2.32138E+00	 1.83422E+00	 2.00000E+00	 2.77641E+00	 3.00000E+00	 4.03385E+00	 2.55694E+00	 1.67071E+00	 2.23009E+00	 2.50000E+00	 2.06285E+00	 3.16618E+00	 3.16770E+00	 3.76184E+00	 2.42547E+00	 2.64118E+00	 2.76564E+00	 1.70027E+00	 2.91332E+00
 3.66379E+00	 2.95646E+00	 3.00000E+00	 3.12892E+00	 3.68779E+00	 4.81423E+00	 2.58375E+00	 3.70035E+00	 3.72103E+00	 2.50000E+00	 2.61421E+00	 3.03236E+00	 3.78627E+00	 2.83224E+00	 2.72826E+00	 2.12335E+00	 3.94035E+00	 3.41304E+00	 3.28728E+00	 3.03869E+00	 2.00000E+00	 3.10622E+00	 3.42811E+00	 3.31285E+00	 3.23939E+00	 2.97100E+00	 3.06131E+00	 3.29346E+00	 2.23793E+00	 2.46026E+00	 2.63077E+00	 2.20530E+00	 2.50000E+00	 3.03142E+00	 4.25000E+00	 3.67486E+00	 2.47514E+00	 2.92026E+00	 2.75000E+00	 3.23332E+00	 3.16291E+00	 2.02545E+00	 4.03862E+00	 3.50000E+00	 1.84142E+00	 2.49034E+00	 3.40365E+00	 1.91044E+00	 2.86591E+00	 3.00000E+00	 2.67261E+00	 2.47103E+00	 3.57455E+00	 6.29658E+00	 8.69107E+00	 5.95286E+00	 2.93829E+00	 2.52658E+00	 3.74517E+00	 2.98070E+00	 1.97103E+00
 2.32006E+00	 1.48069E+00	 3.17276E+00	 1.75000E+00	 2.11136E+00	 3.00000E+00	 1.75000E+00	 3.40806E+00	 3.75000E+00	 3.33668E+00	 3.62156E+00	 2.96615E+00	 3.56285E+00	 2.98507E+00	 3.40336E+00	 2.93715E+00	 3.25000E+00	 2.59709E+00	 2.25000E+00	 3.92752E+00	 1.97512E+00	 4.13538E+00	 1.98010E+00	 1.22103E+00	 3.29965E+00	 2.97342E+00	 3.76273E+00	 4.10911E+00	 1.61389E+00	 3.66304E+00	 3.00292E+00	 3.53142E+00	 2.95652E+00	 3.50000E+00	 3.43930E+00	 4.07879E+00	 1.98310E+00	 2.00000E+00	 2.57974E+00	 3.43539E+00	 3.98727E+00	 1.95530E+00	 3.23310E+00	 3.86116E+00	 3.14547E+00	 2.90289E+00	 2.47512E+00	 2.85848E+00	 2.51736E+00	 2.00000E+00	 3.83847E+00	 3.11085E+00	 3.62844E+00	 3.94797E+00	 3.62334E+00	 3.86618E+00	 3.18035E+00	 3.53627E+00	 2.16447E+00	 2.79348E+00	 3.86310E+00
 4.00000E+00	 3.21619E+00	 2.46619E+00	 2.50000E+00	 2.62429E+00	 3.97587E+00	 3.99276E+00	 2.98219E+00	 1.91556E+00	 1.99034E+00	 2.99034E+00	 1.70524E+00	 2.43305E+00	 2.82682E+00	 3.58847E+00	 2.25000E+00	 2.58940E+00	 1.68703E+00	 3.03865E+00	 2.50000E+00	 2.75000E+00	 3.15029E+00	 2.22512E+00	 2.73010E+00	 1.74034E+00	 3.71374E+00	 5.89541E+00	 4.16658E+00	 1.97511E+00	 4.42336E+00	 3.69203E+00	 3.34635E+00	 2.00000E+00	 3.53862E+00	 6.05090E+00	 2.57061E+00	 2.75966E+00	 2.45888E+00	 2.50000E+00	 2.25000E+00	 1.95168E+00	 2.69207E+00	 2.47512E+00	 1.93799E+00	 2.41556E+00	 2.15070E+00	 3.46374E+00	 9.92533E-01	 3.29914E+00	 2.75000E+00	 2.11127E+00	 2.91825E+00	 2.33709E+00	 2.06108E+00	 2.21858E+00	 2.74517E+00	 2.26413E+00	 2.70023E+00	 1.97512E+00	 2.24502E+00	 3.76743E+00
 2.37892E+00	 2.73793E+00	 3.09103E+00	 2.24276E+00	 2.90029E+00	 3.72762E+00	 2.65573E+00	 2.30494E+00	 2.50000E+00	 1.49004E+00	 2.25000E+00	 1.67354E+00	 2.78621E+00	 3.54965E+00	 2.89575E+00	 2.29597E+00	 2.64378E+00	 3.16304E+00	 2.50000E+00	 2.88392E+00	 1.74034E+00	 3.05141E+00	 4.00000E+00	 3.53865E+00	 2.67541E+00	 2.56131E+00	 2.42071E+00	 3.52900E+00	 3.74154E+00	 3.08002E+00	 2.77900E+00	 2.98507E+00	 3.49034E+00	 4.65737E+00	 3.25000E+00	 3.12891E+00	 3.50000E+00	 5.00995E+00	 3.86462E+00	 2.93715E+00	 3.18552E+00	 2.25000E+00	 2.84635E+00	 2.36601E+00	 2.42318E+00	 1.36610E+00	 2.90101E+00	 3.50000E+00	 3.55128E+00	 1.91578E+00	 3.13406E+00	 2.75000E+00	 3.11116E+00	 2.43930E+00	 2.62103E+00	 2.96266E+00	 3.79344E+00	 2.74667E+00	 3.22342E+00	 2.74035E+00	 2.88586E+00
 2.97103E+00	 2.50000E+00	 2.74034E+00	 2.75000E+00	 3.92121E+00	 2.99035E+00	 3.74517E+00	 2.38838E+00	 2.58847E+00	 2.66060E+00	 1.78109E+00	 2.27900E+00	 3.19293E+00	 4.05141E+00	 2.50000E+00	 3.50292E+00	 1.69540E+00	 2.05386E+00	 2.64132E+00	 4.23069E+00	 3.25724E+00	 1.98332E+00	 3.10876E+00	 2.64564E+00	 2.68231E+00	 2.86176E+00	 3.07664E+00	 4.55428E+00	 5.03818E+00	 2.92318E+00	 2.70283E+00	 2.96182E+00	 3.75000E+00	 3.61622E+00	 3.47100E+00	 2.97013E+00	 1.79832E+00	 4.00000E+00	 3.22543E+00	 2.49276E+00	 2.79112E+00	 2.48552E+00	 3.46604E+00	 3.38334E+00	 3.50000E+00	 2.99004E+00	 2.75000E+00	 2.36421E+00	 2.45646E+00	 3.71619E+00	 2.96380E+00	 2.67276E+00	 2.69729E+00	 3.75000E+00	 3.91313E+00	 2.94776E+00	 3.23310E+00	 1.89610E+00	 2.00000E+00	 2.75474E+00	 3.32739E+00
 5.27789E+00	 3.72842E+00	 2.15327E+00	 2.01763E+00	 2.23793E+00	 4.45257E+00	 7.07053E+00	 6.43091E+00	 3.25000E+00	 3.71042E+00	 3.75000E+00	 1.95530E+00	 2.69684E+00	 3.44207E+00	 2.25000E+00	 1.70023E+00	 2.47826E+00	 3.36608E+00	 2.88627E+00	 1.39564E+00	 2.25000E+00	 3.25724E+00	 2.82061E+00	 2.81035E+00	 2.13538E+00	 3.27896E+00	 2.52745E+00	 3.20168E+00	 3.37920E+00	 2.98068E+00	 3.84899E+00	 1.78865E+00	 3.31679E+00	 2.50000E+00	 3.15839E+00	 3.17271E+00	 3.20168E+00	 4.00483E+00	 2.36310E+00	 3.11116E+00	 2.47512E+00	 3.49502E+00	 3.36666E+00	 4.38673E+00	 3.99198E+00	 2.77545E+00	 4.28337E+00	 2.48756E+00	 2.20559E+00	 2.71373E+00	 3.61414E+00	 2.41086E+00	 3.34709E+00	 6.25782E+00	 8.71464E+00	 5.77789E+00	 4.12646E+00	 3.14846E+00	 4.94684E+00	 2.50000E+00	 2.89364E+00
 1.25484E+01	 4.94107E+00	 2.31759E+00	 3.31695E+00	 3.71135E+00	 9.57196E+00	 1.15130E+01	 9.81637E+00	 8.68380E+00	 5.54947E+00	 2.97342E+00	 2.75000E+00	 3.43560E+00	 2.08347E+00	 2.05800E+00	 2.46135E+00	 2.73068E+00	 2.76668E+00	 2.61618E+00	 3.55568E+00	 2.37334E+00	 2.75000E+00	 2.60459E+00	 3.12431E+00	 2.89268E+00	 3.22103E+00	 2.57455E+00	 2.23274E+00	 2.63062E+00	 3.26930E+00	 2.56679E+00	 3.95230E+00	 2.28527E+00	 2.50000E+00	 2.23237E+00	 2.50000E+00	 2.81054E+00	 2.93672E+00	 3.76154E+00	 2.75190E+00	 3.31297E+00	 3.27745E+00	 9.06467E+00	 1.05469E+01	 1.07156E+01	 1.13432E+01	 6.49853E+00	 3.85496E+00	 1.96769E+00	 1.60087E+00	 2.94031E+00	 3.85198E+00	 8.01222E+00	 9.63836E+00	 1.17491E+01	 1.18734E+01	 8.16368E+00	 4.25000E+00	 1.81762E+00	 1.94684E+00	 3.77015E+00
 4.38334E+00	 2.00000E+00	 3.75000E+00	 2.88915E+00	 5.00583E+00	 9.08817E+00	 1.25063E+01	 1.08274E+01	 9.64392E+00	 6.48610E+00	 4.13229E+00	 2.44776E+00	 2.54914E+00	 2.68459E+00	 1.94293E+00	 3.00000E+00	 2.84421E+00	 2.21268E+00	 2.73048E+00	 3.13514E+00	 2.08593E+00	 2.52897E+00	 2.39835E+00	 1.86710E+00	 2.00000E+00	 2.23551E+00	 1.20283E+00	 2.00996E+00	 1.98506E+00	 2.25000E+00	 1.72342E+00	 1.65565E+00	 3.20308E+00	 2.47518E+00	 1.65308E+00	 2.84142E+00	 2.35881E+00	 2.46266E+00	 2.75000E+00	 2.75000E+00	 2.83977E+00	 5.19995E+00	 6.57196E+00	 7.86188E+00	 1.02166E+01	 7.85778E+00	 4.57105E+00	 1.70283E+00	 2.31201E+00	 1.75000E+00	 2.85087E+00	 3.32104E+00	 7.99853E+00	 1.13021E+01	 1.28821E+01	 1.18773E+01	 9.21557E+00	 2.91908E+00	 2.60105E+00	 2.61591E+00	 1.93284E+00
 2.09635E+00	 1.44684E+00	 2.33450E+00	 3.17417E+00	 5.29947E+00	 1.04198E+01	 1.07165E+01	 8.98610E+00	 9.05090E+00	 5.96042E+00	 2.85405E+00	 3.00000E+00	 3.62063E+00	 3.47342E+00	 2.04711E+00	 2.47828E+00	 2.43216E+00	 2.31285E+00	 2.22103E+00	 1.93305E+00	 2.75000E+00	 3.68965E+00	 2.50000E+00	 2.09103E+00	 2.64231E+00	 2.47511E+00	 1.93946E+00	 2.62891E+00	 1.96619E+00	 2.88690E+00	 2.97584E+00	 1.45168E+00	 2.32453E+00	 2.25000E+00	 2.57664E+00	 2.03865E+00	 2.72518E+00	 3.05128E+00	 2.63136E+00	 3.00000E+00	 3.48310E+00	 2.16511E+00	 2.00000E+00	 2.75000E+00	 2.97762E+00	 2.98259E+00	 3.50000E+00	 2.58701E+00	 2.93305E+00	 2.25000E+00	 2.25000E+00	 2.10732E+00	 3.48821E+00	 7.91908E+00	 8.13812E+00	 7.21464E+00	 3.85732E+00	 2.57248E+00	 1.66825E+00	 2.91825E+00	 2.77658E+00
 3.28231E+00	 3.22826E+00	 3.48552E+00	 2.90101E+00	 3.74603E+00	 3.24007E+00	 6.05490E+00	 5.35876E+00	 4.83256E+00	 3.57588E+00	 3.97584E+00	 2.48816E+00	 4.50199E+00	 1.25000E+00	 3.99801E+00	 2.54597E+00	 2.00000E+00	 1.49276E+00	 2.46769E+00	 2.48756E+00	 3.45283E+00	 3.59635E+00	 3.75000E+00	 2.18058E+00	 2.74034E+00	 3.17271E+00	 2.40347E+00	 2.58621E+00	 2.29597E+00	 2.85622E+00	 2.62569E+00	 2.50000E+00	 2.58621E+00	 2.55460E+00	 2.15003E+00	 3.13399E+00	 2.65101E+00	 2.20778E+00	 2.82646E+00	 3.19029E+00	 2.95168E+00	 3.51784E+00	 3.75000E+00	 2.57046E+00	 2.36209E+00	 2.64119E+00	 1.46135E+00	 2.46863E+00	 2.62646E+00	 1.92051E+00	 2.41086E+00	 2.08977E+00	 3.06187E+00	 3.25000E+00	 2.75000E+00	 2.84334E+00	 2.84722E+00	 2.23623E+00	 2.25000E+00	 3.00000E+00	 2.76184E+00
 3.25000E+00	 2.51139E+00	 3.51413E+00	 1.49517E+00	 2.93238E+00	 3.85425E+00	 3.01184E+00	 2.70283E+00	 2.66267E+00	 2.64610E+00	 1.78621E+00	 3.12891E+00	 2.74276E+00	 2.28234E+00	 3.34142E+00	 1.64575E+00	 2.27648E+00	 3.25292E+00	 2.54219E+00	 2.98552E+00	 2.00000E+00	 3.44027E+00	 3.52254E+00	 1.99004E+00	 2.96244E+00	 2.15101E+00	 2.57599E+00	 2.89342E+00	 3.40339E+00	 3.50000E+00	 4.24801E+00	 3.37156E+00	 2.97746E+00	 2.48838E+00	 3.42752E+00	 2.92829E+00	 3.25000E+00	 2.36354E+00	 2.43527E+00	 1.57254E+00	 3.50000E+00	 2.21135E+00	 3.95652E+00	 3.21619E+00	 2.72013E+00	 2.32514E+00	 2.51931E+00	 4.05082E+00	 2.24035E+00	 2.75000E+00	 2.26763E+00	 2.06108E+00	 3.21138E+00	 3.60198E+00	 4.26005E+00	 4.64855E+00	 5.21819E+00	 5.30490E+00	 5.17746E+00	 2.64350E+00	 2.83696E+00
 3.96513E+00	 3.01932E+00	 3.50000E+00	 3.16796E+00	 2.44027E+00	 2.50176E+00	 3.60778E+00	 2.31679E+00	 2.00000E+00	 2.60687E+00	 3.43539E+00	 2.40976E+00	 3.86467E+00	 4.50000E+00	 4.00000E+00	 1.97762E+00	 2.68043E+00	 3.68231E+00	 3.45160E+00	 2.48069E+00	 2.12599E+00	 2.50000E+00	 2.57607E+00	 2.51736E+00	 2.58553E+00	 2.86116E+00	 2.34421E+00	 3.36467E+00	 6.43326E+00	 6.09709E+00	 6.68306E+00	 9.91182E+00	 5.14558E+00	 3.40070E+00	 3.85442E+00	 2.96465E+00	 2.92748E+00	 2.46819E+00	 2.00000E+00	 3.41447E+00	 3.03728E+00	 1.76413E+00	 2.76626E+00	 3.59263E+00	 2.68665E+00	 2.70888E+00	 3.43231E+00	 4.12892E+00	 3.50000E+00	 2.32061E+00	 2.75000E+00	 2.75000E+00	 4.23552E+00	 4.88521E+00	 9.39396E+00	 1.23863E+01	 1.44240E+01	 1.34258E+01	 9.15962E+00	 2.75586E+00	 2.41755E+00
 4.27254E+00	 3.96863E+00	 4.19200E+00	 2.00000E+00	 1.72826E+00	 2.53142E+00	 3.59221E+00	 2.35658E+00	 1.71518E+00	 2.56759E+00	 3.90881E+00	 1.68286E+00	 2.94419E+00	 5.36610E+00	 5.80290E+00	 4.90782E+00	 3.08649E+00	 1.88873E+00	 2.23833E+00	 3.13392E+00	 3.66086E+00	 3.51449E+00	 3.35636E+00	 3.71619E+00	 3.43238E+00	 2.66548E+00	 2.50000E+00	 3.25000E+00	 6.02254E+00	 7.32335E+00	 1.00215E+01	 1.08921E+01	 8.16954E+00	 4.00506E+00	 3.40029E+00	 1.87156E+00	 2.25000E+00	 2.20257E+00	 3.11666E+00	 3.00000E+00	 5.36864E+00	 5.83438E+00	 6.04219E+00	 3.97273E+00	 3.71761E+00	 2.91294E+00	 3.23996E+00	 3.19271E+00	 2.64081E+00	 1.98551E+00	 3.62401E+00	 3.14895E+00	 7.20435E+00	 1.44832E+01	 1.43489E+01	 1.57043E+01	 1.79411E+01	 1.93621E+01	 1.47942E+01	 4.58236E+00	 2.44776E+00
 1.91023E+00	 2.61588E+00	 3.57795E+00	 2.66825E+00	 4.54670E+00	 2.70035E+00	 2.49005E+00	 2.75000E+00	 1.95172E+00	 2.18703E+00	 2.70652E+00	 3.21615E+00	 6.25292E+00	 1.14737E+01	 1.54240E+01	 1.84577E+01	 1.11142E+01	 5.38873E+00	 2.00000E+00	 3.07664E+00	 2.26931E+00	 1.74276E+00	 2.88977E+00	 3.00000E+00	 2.68946E+00	 2.75000E+00	 2.50397E+00	 2.75000E+00	 3.59421E+00	 6.30428E+00	 5.03236E+00	 9.87453E+00	 8.84017E+00	 8.48257E+00	 4.31187E+00	 3.71268E+00	 3.15712E+00	 3.20888E+00	 3.54128E+00	 1.25000E+00	 7.50000E+00	 9.16801E+00	 7.24853E+00	 5.23332E+00	 2.52900E+00	 2.72100E+00	 2.99276E+00	 1.89802E+00	 2.27987E+00	 3.01932E+00	 3.97108E+00	 1.02891E+01	 1.31853E+01	 1.33999E+01	 1.81557E+01	 1.74656E+01	 1.34782E+01	 1.53745E+01	 1.16758E+01	 4.33438E+00	 1.00000E+00
 2.19203E+00	 2.20168E+00	 1.74517E+00	 1.19540E+00	 1.95023E+00	 2.82879E+00	 2.82046E+00	 2.70656E+00	 2.99034E+00	 2.89118E+00	 2.62401E+00	 3.46131E+00	 6.33256E+00	 1.22675E+01	 1.20530E+01	 1.28677E+01	 1.16793E+01	 8.98961E+00	 4.43135E+00	 2.32248E+00	 2.44035E+00	 1.24034E+00	 2.73756E+00	 2.62599E+00	 2.16578E+00	 2.75000E+00	 2.63089E+00	 2.04717E+00	 2.16291E+00	 2.90779E+00	 7.08375E+00	 8.08375E+00	 8.66019E+00	 4.14410E+00	 3.11618E+00	 2.50793E+00	 2.25000E+00	 2.95086E+00	 2.96622E+00	 1.82534E+00	 3.75990E+00	 8.99007E+00	 6.74311E+00	 4.22104E+00	 2.47103E+00	 2.81448E+00	 2.32729E+00	 2.15792E+00	 3.00000E+00	 2.74218E+00	 2.93049E+00	 3.54711E+00	 6.69907E+00	 9.04992E+00	 1.14057E+01	 1.48852E+01	 1.31691E+01	 1.41469E+01	 1.06499E+01	 4.65237E+00	 3.22511E+00
 2.87431E+00	 2.68231E+00	 3.22586E+00	 2.48009E+00	 1.96021E+00	 2.75000E+00	 2.22265E+00	 2.87897E+00	 3.15339E+00	 1.95027E+00	 2.35881E+00	 2.42318E+00	 2.33329E+00	 2.44566E+00	 5.25000E+00	 6.65682E+00	 5.72934E+00	 6.86421E+00	 3.75000E+00	 3.57046E+00	 2.63864E+00	 2.15291E+00	 2.25000E+00	 2.87892E+00	 2.15806E+00	 2.19203E+00	 1.69675E+00	 3.12892E+00	 1.92746E+00	 2.61136E+00	 2.88077E+00	 2.89409E+00	 2.94271E+00	 3.21272E+00	 1.50000E+00	 2.59899E+00	 2.48552E+00	 2.48069E+00	 2.29222E+00	 2.00000E+00	 2.88673E+00	 3.03236E+00	 3.36911E+00	 2.91047E+00	 3.15712E+00	 2.62569E+00	 2.54346E+00	 2.87401E+00	 3.28161E+00	 2.58438E+00	 1.98069E+00	 3.75000E+00	 2.50000E+00	 3.65347E+00	 3.41086E+00	 3.87646E+00	 5.48048E+00	 4.53728E+00	 3.26668E+00	 2.25000E+00	 1.49276E+00
 2.57061E+00	 2.00000E+00	 2.77416E+00	 2.94031E+00	 2.69031E+00	 2.65839E+00	 1.25000E+00	 3.00000E+00	 2.60129E+00	 2.14508E+00	 2.63538E+00	 2.50000E+00	 2.60459E+00	 3.12665E+00	 2.38579E+00	 3.36183E+00	 3.52896E+00	 3.08621E+00	 2.64575E+00	 3.25000E+00	 2.56187E+00	 2.93091E+00	 3.61911E+00	 2.50000E+00	 2.50000E+00	 2.22586E+00	 3.75000E+00	 1.52254E+00	 1.70530E+00	 1.98069E+00	 1.59829E+00	 2.87655E+00	 3.14846E+00	 2.65806E+00	 1.97104E+00	 2.78482E+00	 3.23257E+00	 3.49034E+00	 3.68241E+00	 2.34930E+00	 3.00000E+00	 3.57514E+00	 2.30881E+00	 4.27212E+00	 3.90792E+00	 2.11176E+00	 2.36176E+00	 2.54832E+00	 2.68994E+00	 2.17535E+00	 2.77693E+00	 2.93478E+00	 2.24125E+00	 1.01726E+00	 2.25000E+00	 2.99276E+00	 2.74276E+00	 2.98010E+00	 1.99502E+00	 1.93552E+00	 2.20023E+00
 2.34407E+00	 2.45168E+00	 2.25000E+00	 3.85198E+00	 3.86762E+00	 4.65573E+00	 2.97103E+00	 3.42121E+00	 2.91291E+00	 2.79354E+00	 3.75000E+00	 2.44200E+00	 2.59024E+00	 3.00000E+00	 3.03728E+00	 2.07138E+00	 2.55581E+00	 2.84024E+00	 2.46301E+00	 3.03527E+00	 4.51763E+00	 5.40881E+00	 5.22842E+00	 3.53236E+00	 2.78236E+00	 3.97760E+00	 1.69189E+00	 2.50000E+00	 2.61666E+00	 3.04508E+00	 1.85622E+00	 1.43799E+00	 2.15336E+00	 3.69205E+00	 1.75000E+00	 1.46021E+00	 1.75000E+00	 2.72584E+00	 1.14118E+00	 2.42535E+00	 4.49603E+00	 3.24735E+00	 2.80290E+00	 3.72643E+00	 4.72643E+00	 2.71780E+00	 2.32974E+00	 3.44705E+00	 1.98793E+00	 2.96521E+00	 1.82607E+00	 1.25000E+00	 2.75000E+00	 3.78479E+00	 2.29692E+00	 2.22586E+00	 3.25000E+00	 1.74034E+00	 1.65308E+00	 1.50000E+00	 2.14558E+00
 4.22102E+00	 2.00000E+00	 4.00000E+00	 3.96042E+00	 5.50631E+00	 5.39122E+00	 2.60778E+00	 2.67318E+00	 2.97760E+00	 2.84407E+00	 3.14553E+00	 1.99004E+00	 3.42811E+00	 2.63406E+00	 1.93231E+00	 1.46021E+00	 2.22307E+00	 2.25000E+00	 2.86085E+00	 1.96521E+00	 2.23219E+00	 3.49708E+00	 2.53142E+00	 1.50000E+00	 2.92879E+00	 2.39055E+00	 1.52254E+00	 3.75000E+00	 2.50000E+00	 1.50000E+00	 3.24735E+00	 2.60087E+00	 2.30071E+00	 2.65101E+00	 2.64610E+00	 1.67041E+00	 2.50000E+00	 2.67261E+00	 2.48506E+00	 1.74502E+00	 2.90327E+00	 3.56661E+00	 2.73257E+00	 2.36608E+00	 1.66052E+00	 2.34263E+00	 2.72586E+00	 2.75000E+00	 1.97342E+00	 2.87202E+00	 2.59899E+00	 2.85390E+00	 3.10881E+00	 1.69200E+00	 1.42434E+00	 3.10390E+00	 2.73010E+00	 2.42434E+00	 1.46135E+00	 3.03626E+00	 3.95230E+00
 1.92041E+00	 3.46042E+00	 3.18539E+00	 3.19189E+00	 3.05378E+00	 2.65779E+00	 3.42071E+00	 1.95522E+00	 2.71268E+00	 1.75000E+00	 2.61608E+00	 2.09142E+00	 2.71373E+00	 2.31695E+00	 3.43231E+00	 2.04914E+00	 1.48552E+00	 3.00000E+00	 2.17729E+00	 2.46615E+00	 2.90573E+00	 2.87156E+00	 2.58489E+00	 2.55581E+00	 2.67757E+00	 3.01004E+00	 3.92041E+00	 2.69676E+00	 2.06942E+00	 3.63069E+00	 2.55709E+00	 3.24469E+00	 2.66825E+00	 2.55797E+00	 2.29056E+00	 2.48793E+00	 1.97100E+00	 2.75000E+00	 2.55694E+00	 3.67772E+00	 2.56131E+00	 1.20530E+00	 2.75000E+00	 2.59103E+00	 2.23010E+00	 3.96026E+00	 3.00000E+00	 1.85871E+00	 3.51931E+00	 3.16556E+00	 2.00000E+00	 2.97864E+00	 1.51213E+00	 2.97586E+00	 3.48507E+00	 2.59709E+00	 2.52768E+00	 3.21521E+00	 2.39313E+00	 2.00000E+00	 4.18829E+00
 4.25000E+00	 2.00000E+00	 3.27413E+00	 2.94026E+00	 2.38586E+00	 2.35154E+00	 1.79828E+00	 3.21513E+00	 2.33977E+00	 1.69540E+00	 2.00000E+00	 1.93043E+00	 2.50000E+00	 2.82061E+00	 2.98436E+00	 1.98552E+00	 2.26931E+00	 2.83256E+00	 2.67057E+00	 1.98551E+00	 3.15347E+00	 1.78732E+00	 2.85459E+00	 2.24276E+00	 3.00000E+00	 1.99502E+00	 1.90070E+00	 2.48551E+00	 2.93799E+00	 3.18712E+00	 3.61127E+00	 4.25000E+00	 2.75000E+00	 2.20520E+00	 2.76932E+00	 3.24735E+00	 1.88069E+00	 2.47828E+00	 2.64364E+00	 2.77897E+00	 3.07171E+00	 2.18043E+00	 3.96858E+00	 3.43779E+00	 2.51308E+00	 2.20172E+00	 2.55800E+00	 1.18946E+00	 1.19684E+00	 1.48310E+00	 2.91052E+00	 3.32248E+00	 1.74502E+00	 2.14068E+00	 2.68231E+00	 2.56054E+00	 2.42939E+00	 2.11572E+00	 2.11072E+00	 2.25000E+00	 3.93715E+00
 2.67242E+00	 4.75000E+00	 1.25000E+00	 1.66825E+00	 2.25000E+00	 1.34142E+00	 3.00000E+00	 3.01207E+00	 2.84954E+00	 2.00000E+00	 3.07534E+00	 3.25000E+00	 3.14855E+00	 2.56367E+00	 3.07046E+00	 2.30954E+00	 2.40712E+00	 3.67446E+00	 2.87402E+00	 2.75000E+00	 3.12431E+00	 4.24005E+00	 3.41294E+00	 2.47013E+00	 3.00000E+00	 2.05057E+00	 3.31957E+00	 2.15712E+00	 2.53728E+00	 2.21373E+00	 3.46379E+00	 4.72013E+00	 4.30110E+00	 3.50000E+00	 2.56762E+00	 1.96018E+00	 2.61666E+00	 2.28865E+00	 1.75000E+00	 2.14501E+00	 1.45257E+00	 4.55795E+00	 2.60129E+00	 2.95684E+00	 2.00000E+00	 3.00000E+00	 4.18135E+00	 3.07244E+00	 2.76273E+00	 2.96268E+00	 2.87937E+00	 3.54658E+00	 2.55800E+00	 3.24034E+00	 3.19907E+00	 2.77648E+00	 2.13884E+00	 2.33329E+00	 3.13514E+00	 2.63864E+00	 2.96812E+00
 2.38838E+00	 2.43388E+00	 3.32739E+00	 1.75000E+00	 2.96858E+00	 2.75000E+00	 2.94419E+00	 2.95778E+00	 2.84553E+00	 3.69419E+00	 2.91332E+00	 1.96615E+00	 1.35129E+00	 2.97103E+00	 3.71780E+00	 2.88791E+00	 3.18286E+00	 2.75000E+00	 2.83438E+00	 4.32599E+00	 2.06187E+00	 2.32096E+00	 3.05093E+00	 2.45172E+00	 2.82583E+00	 2.21374E+00	 2.97337E+00	 2.64268E+00	 2.77015E+00	 3.50000E+00	 1.75000E+00	 2.45086E+00	 2.69788E+00	 3.72828E+00	 3.39846E+00	 1.96379E+00	 3.43321E+00	 2.71021E+00	 2.81396E+00	 4.30641E+00	 3.16764E+00	 3.07646E+00	 1.72587E+00	 1.43231E+00	 1.83438E+00	 1.22762E+00	 2.18779E+00	 2.52414E+00	 2.30093E+00	 4.65336E+00	 2.64508E+00	 3.62793E+00	 3.28728E+00	 2.00000E+00	 2.87431E+00	 2.19684E+00	 1.12334E+00	 2.25000E+00	 1.44929E+00	 3.91548E+00	 3.30581E+00
 2.47828E+00	 2.02900E+00	 2.37822E+00	 3.36884E+00	 2.38382E+00	 2.92746E+00	 1.99276E+00	 1.99276E+00	 1.65806E+00	 1.57171E+00	 2.33245E+00	 1.90070E+00	 2.23010E+00	 3.25000E+00	 3.64364E+00	 3.67205E+00	 2.48069E+00	 2.26953E+00	 2.46465E+00	 2.52254E+00	 3.63673E+00	 4.15347E+00	 2.48552E+00	 3.82248E+00	 2.23793E+00	 2.56695E+00	 2.23069E+00	 2.91998E+00	 3.10650E+00	 2.53728E+00	 3.34407E+00	 2.48010E+00	 1.48010E+00	 1.55386E+00	 2.85871E+00	 2.85622E+00	 2.92746E+00	 2.46565E+00	 2.41471E+00	 2.78228E+00	 2.50000E+00	 2.99276E+00	 2.61908E+00	 2.32254E+00	 1.41556E+00	 1.48507E+00	 1.45257E+00	 1.50000E+00	 1.99034E+00	 2.25000E+00	 2.50000E+00	 2.43552E+00	 2.13136E+00	 2.25000E+00	 3.44027E+00	 2.75000E+00	 2.42829E+00	 2.63820E+00	 2.88586E+00	 3.13673E+00	 3.00000E+00
 2.75000E+00	 4.28626E+00	 4.65145E+00	 4.39508E+00	 4.20304E+00	 3.01564E+00	 2.00000E+00	 2.91351E+00	 1.96373E+00	 2.39119E+00	 1.74276E+00	 1.72015E+00	 1.45403E+00	 2.59855E+00	 2.41471E+00	 2.94788E+00	 3.48068E+00	 2.97828E+00	 2.14802E+00	 6.88229E+00	 1.07984E+01	 9.52675E+00	 6.51763E+00	 3.67261E+00	 3.50000E+00	 4.08245E+00	 1.72342E+00	 1.97103E+00	 2.56006E+00	 3.00329E+00	 2.91291E+00	 2.95646E+00	 2.89313E+00	 2.60687E+00	 1.44293E+00	 1.73551E+00	 1.72762E+00	 2.38810E+00	 2.89081E+00	 3.18946E+00	 3.21131E+00	 2.54973E+00	 1.71021E+00	 3.00000E+00	 2.48070E+00	 2.21138E+00	 1.98551E+00	 2.14119E+00	 3.86176E+00	 6.55881E+00	 4.25000E+00	 3.23793E+00	 3.14313E+00	 2.61176E+00	 1.76213E+00	 2.50000E+00	 4.00000E+00	 3.00000E+00	 1.40291E+00	 2.23008E+00	 2.64062E+00
 2.75000E+00	 4.73821E+00	 6.51521E+00	 7.13521E+00	 6.88229E+00	 2.75583E+00	 2.64855E+00	 1.74276E+00	 2.38077E+00	 2.48332E+00	 1.72826E+00	 2.39855E+00	 2.82739E+00	 2.92261E+00	 1.48756E+00	 1.84553E+00	 1.90055E+00	 1.92417E+00	 3.58236E+00	 7.60305E+00	 1.15130E+01	 1.79175E+01	 1.52077E+01	 8.69499E+00	 6.44363E+00	 4.29508E+00	 2.75000E+00	 1.00000E+00	 1.48793E+00	 1.72584E+00	 1.45168E+00	 1.46018E+00	 3.78685E+00	 2.76932E+00	 2.94406E+00	 2.99708E+00	 2.21379E+00	 2.97586E+00	 2.49276E+00	 3.19035E+00	 2.75000E+00	 2.15070E+00	 1.49517E+00	 1.50000E+00	 3.08649E+00	 4.32664E+00	 1.75000E+00	 1.89119E+00	 3.65046E+00	 5.23821E+00	 4.07891E+00	 2.21268E+00	 2.68829E+00	 2.75000E+00	 2.44200E+00	 2.18965E+00	 1.68673E+00	 1.86610E+00	 2.32607E+00	 1.93043E+00	 2.75000E+00
 2.37598E+00	 6.06473E+00	 6.46096E+00	 6.70247E+00	 5.21819E+00	 4.09024E+00	 2.54840E+00	 1.82891E+00	 1.75000E+00	 2.71018E+00	 2.10459E+00	 2.84673E+00	 3.18715E+00	 1.96619E+00	 1.65055E+00	 2.37401E+00	 2.38116E+00	 3.29115E+00	 6.25000E+00	 6.50583E+00	 1.59144E+01	 1.86642E+01	 1.82586E+01	 1.40469E+01	 9.07513E+00	 4.33375E+00	 4.62156E+00	 3.03396E+00	 1.75000E+00	 1.78161E+00	 2.48310E+00	 1.48552E+00	 2.98552E+00	 2.45654E+00	 2.23551E+00	 1.59855E+00	 1.50000E+00	 2.09664E+00	 2.25000E+00	 2.48069E+00	 1.75000E+00	 1.75000E+00	 1.96273E+00	 2.50783E+00	 3.14068E+00	 1.50000E+00	 2.50000E+00	 2.25000E+00	 2.48552E+00	 1.97017E+00	 2.36591E+00	 2.92318E+00	 2.84855E+00	 1.97828E+00	 2.02172E+00	 1.87598E+00	 3.40573E+00	 2.87431E+00	 2.35650E+00	 1.74253E+00	 1.89081E+00
 3.50000E+00	 3.62354E+00	 3.68091E+00	 3.38812E+00	 3.96244E+00	 3.37109E+00	 3.67242E+00	 2.46858E+00	 2.25000E+00	 2.08382E+00	 3.34363E+00	 2.43994E+00	 2.25000E+00	 1.88392E+00	 2.23310E+00	 2.50000E+00	 2.35932E+00	 4.16908E+00	 5.97842E+00	 5.83899E+00	 1.05672E+01	 1.54884E+01	 1.50723E+01	 1.34175E+01	 9.87178E+00	 6.16368E+00	 3.70023E+00	 2.75000E+00	 3.20646E+00	 1.72103E+00	 3.50000E+00	 2.00000E+00	 3.18969E+00	 1.72100E+00	 1.75000E+00	 2.50000E+00	 2.66755E+00	 1.94540E+00	 3.19046E+00	 1.83112E+00	 2.34635E+00	 2.07171E+00	 2.47512E+00	 1.74517E+00	 1.45646E+00	 2.19684E+00	 1.75000E+00	 1.96518E+00	 2.50000E+00	 2.23552E+00	 2.87109E+00	 2.68715E+00	 2.49035E+00	 2.70888E+00	 1.99276E+00	 1.75000E+00	 2.46273E+00	 2.96273E+00	 3.63378E+00	 2.39368E+00	 2.95023E+00
 4.99277E+00	 3.45684E+00	 3.25782E+00	 4.00000E+00	 3.64055E+00	 3.12335E+00	 3.17535E+00	 4.83394E+00	 3.79658E+00	 4.48436E+00	 4.20139E+00	 3.09263E+00	 3.38136E+00	 2.69203E+00	 4.00000E+00	 1.93459E+00	 2.57453E+00	 1.94293E+00	 2.94200E+00	 5.70530E+00	 6.92816E+00	 9.75706E+00	 9.95410E+00	 1.28165E+01	 1.11352E+01	 7.95641E+00	 4.04658E+00	 2.73274E+00	 2.35425E+00	 2.74517E+00	 4.39855E+00	 3.38627E+00	 3.75000E+00	 2.65839E+00	 2.75000E+00	 3.44776E+00	 1.47760E+00	 1.74502E+00	 2.56679E+00	 1.41998E+00	 1.50000E+00	 2.03239E+00	 3.06837E+00	 2.71379E+00	 2.48310E+00	 2.45885E+00	 2.78626E+00	 2.65046E+00	 2.35871E+00	 4.04222E+00	 3.41379E+00	 2.23009E+00	 2.42564E+00	 2.36911E+00	 1.72342E+00	 1.85492E+00	 3.07596E+00	 1.92242E+00	 2.50000E+00	 1.95654E+00	 3.44205E+00
 7.00506E+00	 4.18712E+00	 3.61937E+00	 3.00000E+00	 3.39541E+00	 3.18892E+00	 3.98048E+00	 5.63229E+00	 4.62373E+00	 4.83375E+00	 7.22643E+00	 6.25782E+00	 4.42748E+00	 3.58438E+00	 2.76184E+00	 2.78385E+00	 3.75000E+00	 2.70524E+00	 2.72826E+00	 4.40737E+00	 4.69293E+00	 6.75292E+00	 9.96557E+00	 1.07617E+01	 1.37454E+01	 7.84263E+00	 5.33022E+00	 3.92547E+00	 2.53527E+00	 3.26207E+00	 2.71780E+00	 2.93238E+00	 2.78626E+00	 2.50000E+00	 2.31274E+00	 2.40321E+00	 3.45888E+00	 1.75000E+00	 1.96619E+00	 2.45849E+00	 1.62405E+00	 1.96135E+00	 2.79604E+00	 1.75000E+00	 3.12568E+00	 2.03236E+00	 2.68779E+00	 1.75000E+00	 2.73793E+00	 4.00000E+00	 1.48259E+00	 1.70035E+00	 2.81297E+00	 2.43703E+00	 2.99898E+00	 3.34142E+00	 3.14564E+00	 3.06541E+00	 2.68459E+00	 2.14129E+00	 2.64846E+00
 4.92928E+00	 3.60732E+00	 3.22828E+00	 3.42019E+00	 3.75000E+00	 3.58002E+00	 5.69676E+00	 4.94676E+00	 5.33690E+00	 5.61310E+00	 6.32196E+00	 6.25176E+00	 4.36432E+00	 4.62945E+00	 3.32006E+00	 2.74005E+00	 2.96518E+00	 3.25000E+00	 3.50000E+00	 2.92242E+00	 4.09142E+00	 4.25000E+00	 6.84997E+00	 7.57105E+00	 6.46663E+00	 4.86666E+00	 4.43091E+00	 2.77897E+00	 2.12892E+00	 2.64575E+00	 4.42564E+00	 2.87156E+00	 2.47100E+00	 2.83245E+00	 2.20524E+00	 2.00000E+00	 2.48552E+00	 3.29717E+00	 2.18539E+00	 3.42536E+00	 2.00000E+00	 2.85632E+00	 2.88568E+00	 1.91844E+00	 2.02648E+00	 2.79083E+00	 3.05110E+00	 2.37334E+00	 2.00000E+00	 2.64855E+00	 2.29128E+00	 1.60881E+00	 2.37334E+00	 3.19031E+00	 3.97159E+00	 2.93715E+00	 2.50000E+00	 3.98332E+00	 2.45168E+00	 2.98552E+00	 2.61572E+00
 3.77745E+00	 2.59635E+00	 2.75000E+00	 3.12063E+00	 4.00292E+00	 3.46663E+00	 4.56558E+00	 5.60778E+00	 4.14924E+00	 3.89924E+00	 6.12937E+00	 4.28527E+00	 3.67354E+00	 2.85105E+00	 2.34103E+00	 3.44776E+00	 3.16086E+00	 2.91796E+00	 3.66908E+00	 1.92752E+00	 3.78381E+00	 2.72103E+00	 2.98010E+00	 4.83529E+00	 3.66954E+00	 3.23551E+00	 1.67051E+00	 3.39055E+00	 2.40593E+00	 2.46858E+00	 2.21380E+00	 2.10938E+00	 2.47514E+00	 3.25195E+00	 2.56201E+00	 2.47342E+00	 3.61666E+00	 2.75474E+00	 1.69918E+00	 2.55954E+00	 3.25000E+00	 2.91578E+00	 2.25000E+00	 2.67041E+00	 3.44031E+00	 2.51213E+00	 1.33509E+00	 1.92271E+00	 2.11594E+00	 2.70035E+00	 3.10442E+00	 2.66796E+00	 2.50000E+00	 3.17811E+00	 2.92729E+00	 1.75000E+00	 3.10848E+00	 3.68163E+00	 2.40806E+00	 3.63382E+00	 1.97337E+00
 1.45530E+00	 3.38873E+00	 3.38092E+00	 3.63824E+00	 3.75000E+00	 5.00000E+00	 3.75000E+00	 4.32138E+00	 5.43227E+00	 6.05090E+00	 5.93135E+00	 7.02254E+00	 3.78234E+00	 2.19705E+00	 3.00000E+00	 2.69788E+00	 2.52900E+00	 3.23552E+00	 2.48552E+00	 3.07795E+00	 1.85848E+00	 2.09435E+00	 2.20172E+00	 3.46379E+00	 2.22828E+00	 2.25000E+00	 2.49034E+00	 3.63136E+00	 3.21105E+00	 3.09263E+00	 2.47512E+00	 3.17535E+00	 1.75000E+00	 2.50000E+00	 2.94684E+00	 3.24035E+00	 1.75000E+00	 1.27212E+00	 2.68715E+00	 3.07171E+00	 4.12598E+00	 3.26184E+00	 2.96105E+00	 1.49276E+00	 1.75000E+00	 1.72017E+00	 1.72103E+00	 2.03728E+00	 2.23507E+00	 3.22103E+00	 3.75000E+00	 3.93442E+00	 3.75596E+00	 3.00000E+00	 1.50000E+00	 2.50000E+00	 1.98010E+00	 1.25000E+00	 1.50000E+00	 3.15881E+00	 3.23507E+00
 1.67271E+00	 1.94205E+00	 2.44205E+00	 2.55581E+00	 3.06327E+00	 3.95885E+00	 3.50000E+00	 2.36127E+00	 3.10459E+00	 4.89409E+00	 3.20530E+00	 3.68305E+00	 2.88579E+00	 1.25000E+00	 1.64564E+00	 2.07607E+00	 2.25000E+00	 1.98793E+00	 1.68043E+00	 3.14055E+00	 1.67748E+00	 1.96021E+00	 1.70530E+00	 3.09971E+00	 2.20654E+00	 2.28699E+00	 2.57455E+00	 3.11389E+00	 3.58375E+00	 2.74603E+00	 2.90321E+00	 2.50000E+00	 3.08847E+00	 3.22950E+00	 1.93305E+00	 2.32046E+00	 1.25000E+00	 1.70654E+00	 1.99708E+00	 3.02254E+00	 5.12861E+00	 3.54197E+00	 3.16796E+00	 3.25000E+00	 2.45872E+00	 2.32241E+00	 2.22104E+00	 2.00000E+00	 1.75000E+00	 2.31679E+00	 2.88791E+00	 3.24404E+00	 2.81473E+00	 2.47760E+00	 2.07138E+00	 1.95778E+00	 1.47265E+00	 2.08593E+00	 2.87646E+00	 3.46131E+00	 1.94540E+00
 1.69788E+00	 1.45530E+00	 2.29699E+00	 3.15573E+00	 2.56679E+00	 1.93478E+00	 2.92121E+00	 2.00000E+00	 3.88136E+00	 2.88136E+00	 2.70654E+00	 1.84635E+00	 2.85105E+00	 2.59123E+00	 2.46018E+00	 1.74004E+00	 2.90145E+00	 2.52346E+00	 2.56784E+00	 2.31957E+00	 1.78732E+00	 1.50000E+00	 1.95160E+00	 2.45086E+00	 1.63089E+00	 3.06070E+00	 2.73069E+00	 3.75966E+00	 2.48069E+00	 2.89368E+00	 1.92026E+00	 1.71273E+00	 2.17547E+00	 3.12891E+00	 2.41556E+00	 4.43799E+00	 1.98793E+00	 3.19684E+00	 2.66291E+00	 2.40806E+00	 2.75000E+00	 2.06131E+00	 1.96465E+00	 3.52693E+00	 3.75000E+00	 2.40321E+00	 1.10165E+00	 2.79219E+00	 2.55212E+00	 1.90839E+00	 2.22511E+00	 2.78396E+00	 2.14119E+00	 2.56957E+00	 3.21619E+00	 2.23310E+00	 2.00000E+00	 3.19203E+00	 1.74035E+00	 1.98793E+00	 3.00000E+00
 1.55594E+00	 2.22514E+00	 2.18703E+00	 1.96619E+00	 3.39871E+00	 2.31201E+00	 2.57664E+00	 2.11591E+00	 1.72828E+00	 1.72828E+00	 2.89313E+00	 2.75000E+00	 2.14846E+00	 2.81070E+00	 4.24218E+00	 4.76668E+00	 4.70646E+00	 3.97934E+00	 3.02385E+00	 2.95172E+00	 2.39835E+00	 2.40779E+00	 1.50000E+00	 1.94929E+00	 2.61162E+00	 3.00000E+00	 3.22100E+00	 2.49253E+00	 3.36421E+00	 3.41556E+00	 2.10356E+00	 2.22584E+00	 2.95289E+00	 3.09484E+00	 2.09664E+00	 3.00176E+00	 1.85945E+00	 2.40336E+00	 1.53626E+00	 1.98507E+00	 2.75000E+00	 1.74276E+00	 2.17051E+00	 2.23506E+00	 1.73793E+00	 1.93043E+00	 2.93058E+00	 2.84407E+00	 2.20211E+00	 2.59465E+00	 3.21138E+00	 2.75000E+00	 1.75000E+00	 1.98070E+00	 2.42879E+00	 2.16060E+00	 2.32879E+00	 3.02172E+00	 2.10881E+00	 1.85881E+00	 2.16267E+00
 3.33553E+00	 3.72746E+00	 3.21858E+00	 2.90877E+00	 3.27416E+00	 1.89081E+00	 2.42271E+00	 3.43286E+00	 2.00000E+00	 3.65365E+00	 4.18672E+00	 2.56035E+00	 4.50000E+00	 6.55709E+00	 8.32196E+00	 8.84421E+00	 7.01273E+00	 4.41618E+00	 4.61864E+00	 3.44035E+00	 2.47586E+00	 2.77414E+00	 2.03433E+00	 2.80110E+00	 1.53142E+00	 3.12598E+00	 1.50000E+00	 3.31612E+00	 1.19572E+00	 2.73068E+00	 2.61467E+00	 3.32891E+00	 3.32171E+00	 2.92939E+00	 1.04112E+00	 2.54832E+00	 2.50000E+00	 2.21615E+00	 2.00000E+00	 1.83621E+00	 1.75000E+00	 3.25000E+00	 3.22342E+00	 1.77172E+00	 1.92041E+00	 1.64575E+00	 4.12627E+00	 2.27648E+00	 2.00000E+00	 2.60390E+00	 3.33077E+00	 2.22100E+00	 2.89564E+00	 2.35145E+00	 1.75000E+00	 2.16294E+00	 1.98756E+00	 2.71131E+00	 3.42242E+00	 3.39409E+00	 3.74404E+00
 3.14564E+00	 3.13089E+00	 2.60687E+00	 2.70652E+00	 2.95289E+00	 2.49517E+00	 3.30212E+00	 4.00782E+00	 2.14564E+00	 2.61610E+00	 4.74603E+00	 5.20286E+00	 7.64455E+00	 1.03324E+01	 9.70287E+00	 9.81256E+00	 8.49007E+00	 7.23332E+00	 4.19566E+00	 2.71266E+00	 3.14409E+00	 3.86919E+00	 3.40712E+00	 2.17746E+00	 3.45342E+00	 3.70172E+00	 2.86911E+00	 3.17041E+00	 3.53433E+00	 3.46780E+00	 2.99253E+00	 3.50000E+00	 3.87343E+00	 2.35882E+00	 2.46373E+00	 3.07974E+00	 3.57027E+00	 3.42746E+00	 3.80729E+00	 2.63810E+00	 3.29115E+00	 2.91764E+00	 2.72826E+00	 2.47104E+00	 1.00000E+00	 1.86085E+00	 2.39062E+00	 3.50000E+00	 4.39062E+00	 1.99311E+00	 1.72826E+00	 2.38915E+00	 3.04441E+00	 2.70888E+00	 8.86731E-01	 1.25000E+00	 4.33002E+00	 2.61864E+00	 3.75397E+00	 4.60932E+00	 4.20435E+00
 1.75000E+00	 2.72103E+00	 2.61608E+00	 3.36176E+00	 4.25506E+00	 3.00000E+00	 2.51668E+00	 1.98069E+00	 2.74217E+00	 3.23623E+00	 3.90008E+00	 6.02545E+00	 6.63838E+00	 6.98547E+00	 8.74603E+00	 7.35090E+00	 4.96863E+00	 3.74034E+00	 1.90101E+00	 1.97586E+00	 1.90806E+00	 3.77172E+00	 2.80616E+00	 1.95888E+00	 2.89268E+00	 4.20646E+00	 2.70524E+00	 2.54470E+00	 3.03627E+00	 4.13873E+00	 3.59653E+00	 2.58509E+00	 2.71379E+00	 2.46374E+00	 2.66294E+00	 2.54346E+00	 2.90321E+00	 2.75000E+00	 2.39368E+00	 3.31866E+00	 3.24810E+00	 2.06866E+00	 2.10094E+00	 1.97828E+00	 3.26690E+00	 2.80082E+00	 2.72760E+00	 2.47760E+00	 2.82105E+00	 2.56769E+00	 2.45168E+00	 3.12811E+00	 2.75498E+00	 3.04861E+00	 2.46521E+00	 2.93043E+00	 2.16447E+00	 4.72353E+00	 3.90347E+00	 8.29128E+00	 8.72654E+00
 2.27414E+00	 2.00000E+00	 2.54965E+00	 2.70778E+00	 2.66556E+00	 3.86467E+00	 3.26413E+00	 1.99801E+00	 3.14068E+00	 2.75000E+00	 3.53435E+00	 2.99735E+00	 4.17242E+00	 4.09954E+00	 3.90682E+00	 4.02254E+00	 2.72015E+00	 2.48793E+00	 4.22518E+00	 4.05326E+00	 2.86136E+00	 1.98551E+00	 2.94029E+00	 3.47511E+00	 1.89835E+00	 1.87405E+00	 1.71273E+00	 3.00000E+00	 2.24667E+00	 3.88116E+00	 3.89092E+00	 3.20257E+00	 3.19776E+00	 3.14564E+00	 3.07254E+00	 2.97762E+00	 3.24034E+00	 2.91023E+00	 1.98793E+00	 3.96518E+00	 1.98506E+00	 2.04354E+00	 1.79354E+00	 3.19419E+00	 2.40792E+00	 3.61591E+00	 1.94684E+00	 2.99311E+00	 3.33002E+00	 3.17298E+00	 2.69540E+00	 1.66578E+00	 2.25000E+00	 1.71769E+00	 1.80141E+00	 2.60499E+00	 2.09119E+00	 3.50000E+00	 5.27267E+00	 9.39104E+00	 8.27152E+00
 2.50000E+00	 2.35632E+00	 3.89575E+00	 3.14575E+00	 2.22643E+00	 2.40759E+00	 2.22014E+00	 2.21021E+00	 2.85356E+00	 3.08847E+00	 2.77482E+00	 2.54743E+00	 2.38409E+00	 2.50000E+00	 1.22514E+00	 2.75000E+00	 1.74253E+00	 4.14553E+00	 2.26763E+00	 2.67547E+00	 2.69029E+00	 3.38382E+00	 2.75000E+00	 1.72100E+00	 1.50000E+00	 2.49277E+00	 2.92547E+00	 1.97342E+00	 2.43286E+00	 2.59263E+00	 3.42051E+00	 2.75995E+00	 2.47103E+00	 2.48010E+00	 3.50264E+00	 3.08687E+00	 2.47017E+00	 2.75000E+00	 2.58649E+00	 2.78640E+00	 2.75176E+00	 2.89553E+00	 1.83112E+00	 2.08347E+00	 1.90055E+00	 1.30082E+00	 1.99517E+00	 3.16825E+00	 2.49034E+00	 2.77658E+00	 2.64268E+00	 2.66776E+00	 1.71521E+00	 2.84653E+00	 1.70646E+00	 4.08295E+00	 3.39118E+00	 4.16313E+00	 5.49007E+00	 8.77545E+00	 7.50782E+00
 1.75000E+00	 2.00000E+00	 1.98793E+00	 2.66023E+00	 1.24035E+00	 2.58529E+00	 3.51413E+00	 2.61421E+00	 2.13586E+00	 2.44293E+00	 3.07138E+00	 1.94293E+00	 1.79604E+00	 2.59484E+00	 2.67242E+00	 3.31865E+00	 2.84971E+00	 2.65321E+00	 3.84992E+00	 3.60687E+00	 3.61183E+00	 2.62655E+00	 2.54219E+00	 2.48068E+00	 2.35492E+00	 2.71380E+00	 1.99276E+00	 1.75000E+00	 2.00000E+00	 2.25000E+00	 3.25000E+00	 2.00000E+00	 2.50000E+00	 2.50000E+00	 2.68035E+00	 2.38069E+00	 1.25000E+00	 1.94203E+00	 2.18965E+00	 2.24035E+00	 2.23507E+00	 2.82795E+00	 3.10945E+00	 2.35868E+00	 2.17051E+00	 4.17051E+00	 3.53220E+00	 3.74035E+00	 2.82171E+00	 2.75000E+00	 3.75000E+00	 2.50000E+00	 2.50000E+00	 3.20885E+00	 2.24004E+00	 1.99004E+00	 1.45530E+00	 1.74517E+00	 3.00000E+00	 5.34722E+00	 5.16003E+00
 2.22100E+00	 2.23793E+00	 3.00000E+00	 1.46858E+00	 2.00000E+00	 2.96135E+00	 2.84161E+00	 1.71518E+00	 1.75000E+00	 2.43043E+00	 2.38820E+00	 2.46769E+00	 2.14558E+00	 1.98793E+00	 3.58649E+00	 2.30800E+00	 2.45396E+00	 2.55694E+00	 3.50474E+00	 3.36183E+00	 3.33329E+00	 3.07891E+00	 1.67242E+00	 1.49035E+00	 2.48047E+00	 2.65573E+00	 1.82046E+00	 2.33774E+00	 1.87431E+00	 2.25000E+00	 1.60105E+00	 2.07664E+00	 2.43286E+00	 3.36572E+00	 1.73010E+00	 1.86610E+00	 1.96026E+00	 1.75000E+00	 3.07758E+00	 2.00000E+00	 1.70168E+00	 2.34635E+00	 2.18058E+00	 1.73551E+00	 2.83022E+00	 2.65308E+00	 2.97171E+00	 3.26690E+00	 2.25000E+00	 4.00000E+00	 3.61127E+00	 3.29219E+00	 2.70036E+00	 2.97352E+00	 2.00000E+00	 2.89062E+00	 3.40047E+00	 2.95023E+00	 2.23552E+00	 3.75000E+00	 3.00000E+00
 2.13627E+00	 1.88820E+00	 2.50000E+00	 2.78220E+00	 2.24035E+00	 1.99004E+00	 3.04128E+00	 1.82121E+00	 1.70524E+00	 2.22100E+00	 1.99276E+00	 2.25000E+00	 1.69684E+00	 1.97103E+00	 2.35658E+00	 1.99517E+00	 1.13873E+00	 4.21663E+00	 3.46780E+00	 3.00000E+00	 3.30881E+00	 3.32758E+00	 1.82566E+00	 1.46373E+00	 2.20778E+00	 1.99517E+00	 2.20027E+00	 2.22511E+00	 2.02172E+00	 1.40070E+00	 1.86610E+00	 3.36588E+00	 2.89815E+00	 3.12646E+00	 2.15321E+00	 2.48068E+00	 2.23010E+00	 2.47584E+00	 2.47828E+00	 2.74526E+00	 1.96135E+00	 2.36923E+00	 2.47342E+00	 2.24034E+00	 1.78614E+00	 3.14129E+00	 2.82271E+00	 3.23008E+00	 1.98008E+00	 2.51763E+00	 2.88378E+00	 3.61389E+00	 1.85094E+00	 1.20035E+00	 1.71138E+00	 1.49034E+00	 2.23821E+00	 2.62401E+00	 2.98257E+00	 3.05428E+00	 2.57682E+00
 3.46138E+00	 2.39068E+00	 2.00000E+00	 1.70168E+00	 2.21244E+00	 1.49005E+00	 1.73793E+00	 2.39857E+00	 2.62108E+00	 3.25195E+00	 1.85105E+00	 1.99005E+00	 3.48010E+00	 2.97100E+00	 1.71615E+00	 2.69293E+00	 1.73793E+00	 2.04604E+00	 2.75000E+00	 3.76690E+00	 2.48623E+00	 2.93552E+00	 1.46373E+00	 1.95646E+00	 1.90308E+00	 2.17041E+00	 3.57179E+00	 2.75000E+00	 2.23068E+00	 2.75000E+00	 3.49502E+00	 2.93286E+00	 2.24311E+00	 2.03699E+00	 2.03385E+00	 3.00000E+00	 3.18478E+00	 2.63538E+00	 1.99034E+00	 2.50000E+00	 2.67261E+00	 2.77648E+00	 2.50995E+00	 2.79832E+00	 3.69027E+00	 3.22828E+00	 2.45530E+00	 3.06769E+00	 2.46518E+00	 2.33002E+00	 2.50000E+00	 3.22643E+00	 3.84208E+00	 2.10481E+00	 1.89062E+00	 2.64364E+00	 2.50000E+00	 2.51953E+00	 2.02385E+00	 2.48756E+00	 1.50000E+00
 2.50000E+00	 2.89906E+00	 3.22455E+00	 2.98727E+00	 2.00000E+00	 2.77641E+00	 1.95652E+00	 3.22991E+00	 3.13673E+00	 1.73551E+00	 1.25000E+00	 2.15052E+00	 1.72760E+00	 1.25000E+00	 1.67811E+00	 2.90565E+00	 3.22762E+00	 2.13378E+00	 3.05637E+00	 1.71769E+00	 1.49253E+00	 2.30460E+00	 3.68035E+00	 3.04648E+00	 4.10882E+00	 4.19776E+00	 2.07879E+00	 2.50000E+00	 2.75474E+00	 2.01448E+00	 2.12156E+00	 4.67354E+00	 4.84484E+00	 3.61864E+00	 3.17748E+00	 3.25000E+00	 2.52896E+00	 3.24034E+00	 3.15839E+00	 3.46858E+00	 2.24735E+00	 1.92994E+00	 3.71565E+00	 1.69293E+00	 1.71619E+00	 1.94929E+00	 2.12665E+00	 2.44203E+00	 1.98068E+00	 2.25000E+00	 2.98756E+00	 3.11421E+00	 2.50000E+00	 1.75000E+00	 2.00000E+00	 3.25000E+00	 1.75000E+00	 2.85105E+00	 1.50000E+00	 2.40535E+00	 2.01931E+00
 4.16796E+00	 1.87373E+00	 1.41291E+00	 1.92752E+00	 2.45522E+00	 3.22762E+00	 2.89519E+00	 3.50966E+00	 3.51781E+00	 2.47017E+00	 1.99035E+00	 2.82739E+00	 1.60481E+00	 2.75000E+00	 2.50000E+00	 2.51449E+00	 1.99517E+00	 2.16332E+00	 1.89268E+00	 1.80641E+00	 2.47103E+00	 2.50966E+00	 2.34997E+00	 2.41048E+00	 2.18703E+00	 3.24276E+00	 3.11622E+00	 2.44788E+00	 2.93035E+00	 2.53188E+00	 2.59954E+00	 2.14815E+00	 4.29832E+00	 3.64610E+00	 3.77158E+00	 2.47586E+00	 3.00000E+00	 3.00000E+00	 1.75000E+00	 1.44046E+00	 2.50000E+00	 2.73552E+00	 2.76690E+00	 2.47762E+00	 2.49735E+00	 2.41776E+00	 3.67106E+00	 4.17106E+00	 3.37401E+00	 2.46769E+00	 2.57682E+00	 3.62723E+00	 3.61710E+00	 2.77648E+00	 2.03918E+00	 2.95962E+00	 3.28626E+00	 1.72015E+00	 2.77254E+00	 1.98507E+00	 2.02727E+00
